202 0.100000001490116 42.8571434020996
202 14.6999998092651 2.42427730560303
202 20.3999996185303 1.25879859924316
202 23.3999996185303 0.956720054149628
202 23.2999992370605 0.964950084686279
202 0.100000001490116 42.8571434020996
202 0.100000001490116 214.285720825195
202 24.1000003814697 0.901950061321259
202 20.7999992370605 1.21085011959076
202 13.3999996185303 2.917475938797
202 13.6999998092651 2.79110169410706
202 12.8000001907349 3.19740009307861
202 20.7999992370605 1.21085011959076
202 16.7000007629395 1.8783814907074
122 24.5 0.872740030288696
122 2.09999990463257 42.8571434020996
122 2.20000004768372 42.8571434020996
122 11.8999996185303 3.69932866096497
122 13 3.09977436065674
122 5.59999990463257 16.7047805786133
122 16.8999996185303 1.83418583869934
122 18 1.61685717105865
122 15.6000003814697 2.15262150764465
122 14.6999998092651 2.42427730560303
122 18.2000007629395 1.58151710033417
122 12.3000001907349 3.46263432502747
122 9.10000038146973 6.3260703086853
122 29.7000007629395 0.593887150287628
122 13.1000003814697 3.05263018608093
122 24.5 0.872740030288696
122 28.7000007629395 0.6359943151474